# 1000
0
7527
1437
4389
1
2520
3537
8209
2
3396
8109
2081
450
7787
9195
3123
3448
3
2660
7169
7909
6347
5574
4
5250
9571
1153
748
5
9346
965
1822
4688
735
291
7423
6491
6
2253
2533
6563
7656
2320
7
3560
4786
7411
4815
6542
8
4755
1692
6061
9
3444
8170
1897
1032
4443
6867
1108
7328
4379
10
4483
9451
2446
680
3243
11
5604
7836
5596
68
12
1667
6711
4172
4779
13
7107
5281
9239
7631
14
6913
6157
15
9102
3936
8811
4367
8145
8806
8871
4396
4914
16
4852
6991
9365
9540
9272
4372
1545
9342
17
2414
3492
2863
4566
3604
18
1019
9548
2243
19
2591
8476
2648
5289
5139
476
2961
6464
500
612
20
235
7016
8393
9379
21
8098
1815
22
7705
5008
8861
2610
6154
1562
23
2345
7605
5372
4785
5523
8179
24
3766
6052
25
2482
1173
3635
3533
26
8484
8404
27
9857
1103
4182
3609
28
7633
8708
2991
2761
3888
29
9184
4712
942
30
1332
6067
5979
4406
7434
7037
8536
31
7831
3106
8576
5691
632
7581
3982
32
314
1364
2319
6007
33
9894
9160
2995
8731
2072
4828
34
2033
1478
9106
5345
8939
9241
35
7746
9597
9374
36
7019
7248
6608
4845
37
7923
5546
3505
2176
3173
8079
353
38
9028
2125
6000
9223
1356
39
539
6506
113
2025
6595
5960
40
893
41
9666
255
4365
8168
9729
9733
5560
42
1878
4485
7330
5663
5237
997
3039
43
7653
44
5879
9842
5112
2996
2474
5101
5130
45
7886
7948
9873
46
4720
4521
4788
1682
7910
47
2499
289
48
6854
6377
3857
9203
3527
49
7823
1008
50
6812
3071
7046
51
6713
6652
3219
8044
3736
4802
4695
1234
6597
2386
52
7885
4898
2614
2089
340
53
3483
4156
54
2147
78
5520
8046
2589
55
9590
3154
7431
56
5891
3355
6247
286
9275
5531
57
1668
4377
1779
6068
4736
4138
5577
1493
1267
5452
830
58
5612
2476
8255
59
381
8827
2339
5920
1013
5121
60
7205
3278
6316
4062
7769
7570
3845
2962
61
7029
3955
6502
5229
2843
7390
9539
9377
9584
4991
6743
3542
3765
530
62
6569
498
63
9606
8167
5234
549
6598
3498
64
9033
9773
65
3359
5134
4742
6639
66
3472
6163
3180
6603
5365
7794
9105
67
2836
7204
5333
6450
3331
3343
200
9561
9723
8071
69
3994
9660
5552
3792
5702
1483
70
2296
217
8715
8807
7931
71
6290
5190
5564
9682
72
4113
9424
5606
365
2411
5876
552
7122
73
3135
8290
5998
9685
74
6223
2553
8512
2149
3669
75
3346
7103
6621
76
96
8208
4715
3603
2336
8166
77
2359
2576
7981
1196
5826
3549
5094
1095
8112
79
4255
2749
1152
3046
80
9427
4560
7815
9737
81
5460
6455
7596
5060
4293
9974
82
5983
5433
3787
83
5945
1755
9736
6624
7871
4918
84
7696
2840
9462
85
4955
6240
8533
86
7980
7435
3119
5858
87
2260
7258
382
9048
6123
7013
3189
9097
9941
88
700
4910
89
8421
4325
90
2311
3666
7227
2245
2346
4822
2442
91
148
162
1396
2371
92
8284
6959
93
6140
4072
1229
94
8296
8293
6462
5773
1695
95
5967
7026
694
9151
8739
6709
7023
97
2916
8940
1432
789
1076
2668
7887
4146
98
277
99
9670
1866
1730
6768
7323
9435
100
8998
4502
7925
6623
325
9866
4963
5644
101
1963
5982
7118
293
102
9988
6744
301
1536
4749
103
4439
4745
417
104
4134
1059
4575
105
8882
3047
6151
4548
106
2558
107
5286
8213
8694
8605
8053
8483
108
6584
4415
7287
7986
3665
109
2928
1227
4474
9506
110
5429
8169
137
6295
111
6716
9232
5185
112
4581
7920
7368
8649
7054
4731
7619
1228
3587
6165
8785
3592
114
9641
3892
4341
6208
7636
115
1977
1504
1629
2715
905
5730
116
6807
2465
7221
7668
9965
4119
1455
117
7259
9281
9598
118
4834
6358
3390
6244
631
9432
6759
119
8722
3163
2716
1732
120
9176
6581
4734
1051
3372
121
7179
976
3791
2303
5260
122
9741
6988
3685
7140
1333
123
4935
5462
9210
1015
124
1724
3986
125
7063
5709
4580
7851
817
4563
256
1778
126
1706
7129
1193
4171
7993
127
7789
7677
8150
128
3834
1004
6252
4346
1877
1694
1036
4397
129
2653
1420
3042
9283
3073
1082
249
1588
130
719
2340
2875
7014
1618
131
8593
9352
936
5024
4923
132
3216
9827
8904
414
8780
133
7162
6468
640
3328
4773
134
2052
751
9552
4387
2917
135
224
136
4384
4541
4165
8254
4492
1094
9444
5899
4489
7489
4463
1257
424
138
9388
5300
139
8799
3593
140
1720
2726
9234
141
3779
6079
3407
649
8995
142
7124
2424
4058
5311
143
1073
9731
2738
4571
9840
1651
6306
144
6258
4843
9182
7210
5874
3474
3453
5777
145
4659
7385
7826
1928
146
8950
9502
5389
8485
8609
6256
9690
5437
147
1155
6170
513
7727
4917
6406
188
758
150
6058
7087
9761
1291
564
151
2131
5386
8336
6821
1212
9262
3179
152
2910
5949
1708
4331
8325
6972
8946
226
153
5246
2004
6799
8697
7276
154
4753
8553
4626
2664
155
3896
605
4610
6897
2615
6629
7938
6775
4095
156
7294
7635
157
9089
5170
9883
158
923
9040
7662
159
5412
1635
9359
5616
160
1225
4163
2536
161
3909
4059
780
6907
1350
2941
3098
163
2377
2016
6301
164
4961
6152
1576
5232
2818
165
7025
1469
9996
3619
3251
4948
166
8050
8547
3573
9789
4515
2276
3861
167
7860
9392
7066
168
2167
5010
6770
5595
169
303
843
6193
6535
170
2459
7610
8616
171
9504
603
6459
5177
4819
7967
1581
7759
8106
172
5645
8378
8501
8559
173
7444
9538
2690
